lambda absorption
690 0.0049
691 0.00506666666667
692 0.00523333333333
693 0.0054
694 0.00556666666667
695 0.00573333333333
696 0.0059
697 0.00606666666667
698 0.00623333333333
699 0.0064
700 0.00656666666667
701 0.00673333333333
702 0.0069
703 0.00714166666667
704 0.00738333333333
705 0.007625
706 0.00786666666667
707 0.00810833333333
708 0.00835
709 0.00859166666667
710 0.00883333333333
711 0.009075
712 0.00931666666667
713 0.00955833333333
714 0.0098
715 0.0101272727273
716 0.0104545454545
717 0.0107818181818
718 0.0111090909091
719 0.0114363636364
720 0.0117636363636
721 0.0120909090909
722 0.0124181818182
723 0.0127454545455
724 0.0130727272727
725 0.0134
726 0.01444
727 0.01548
728 0.01652
729 0.01756
730 0.0186
731 0.01964
732 0.02068
733 0.02172
734 0.02276
735 0.0238
736 0.0241363636364
737 0.0244727272727
738 0.0248090909091
739 0.0251454545455
740 0.0254818181818
741 0.0258181818182
742 0.0261545454545
743 0.0264909090909
744 0.0268272727273
745 0.0271636363636
746 0.0275
747 0.0276
748 0.0277
749 0.0278
750 0.0279
751 0.028
752 0.0281
753 0.02795
754 0.0278
755 0.02765
756 0.0275
757 0.02735
758 0.0272
759 0.0270090909091
760 0.0268181818182
761 0.0266272727273
762 0.0264363636364
763 0.0262454545455
764 0.0260545454545
765 0.0258636363636
766 0.0256727272727
767 0.0254818181818
768 0.0252909090909
769 0.0251
770 0.024925
771 0.02475
772 0.024575
773 0.0244
774 0.024225
775 0.02405
776 0.023875
777 0.0237
778 0.023525
779 0.02335
780 0.023175
781 0.023
782 0.0228461538462
783 0.0226923076923
784 0.0225384615385
785 0.0223846153846
786 0.0222307692308
787 0.0220769230769
788 0.0219230769231
789 0.0217692307692
790 0.0216153846154
791 0.0214615384615
792 0.0213076923077
793 0.0211538461538
794 0.021
795 0.020875
796 0.02075
797 0.020625
798 0.0205
799 0.020375
800 0.02025
801 0.020125
802 0.02
803 0.019875
804 0.01975
805 0.019625
806 0.0195
807 0.0194428571429
808 0.0193857142857
809 0.0193285714286
810 0.0192714285714
811 0.0192142857143
812 0.0191571428571
813 0.0191
814 0.0192142857143
815 0.0193285714286
816 0.0194428571429
817 0.0195571428571
818 0.0196714285714
819 0.0197857142857
820 0.0199
821 0.0207384615385
822 0.0215769230769
823 0.0224153846154
824 0.0232538461538
825 0.0240923076923
826 0.0249307692308
827 0.0257692307692
828 0.0266076923077
829 0.0274461538462
830 0.0282846153846
831 0.0291230769231
832 0.0299615384615
833 0.0308
834 0.0313642857143
835 0.0319285714286
836 0.0324928571429
837 0.0330571428571
838 0.0336214285714
839 0.0341857142857
840 0.03475
841 0.0353142857143
842 0.0358785714286
843 0.0364428571429
844 0.0370071428571
845 0.0375714285714
846 0.0381357142857
847 0.0387
848 0.0389733333333
849 0.0392466666667
850 0.03952
851 0.0397933333333
852 0.0400666666667
853 0.04034
854 0.0406133333333
855 0.0408866666667
856 0.04116
857 0.0414333333333
858 0.0417066666667
859 0.04198
860 0.0422533333333
861 0.0425266666667
862 0.0428
863 0.04332
864 0.04384
865 0.04436
866 0.04488
867 0.0454
868 0.04592
869 0.04644
870 0.04696
871 0.04748
872 0.048
873 0.04852
874 0.04904
875 0.04956
876 0.05008
877 0.0506
878 0.05124375
879 0.0518875
880 0.05253125
881 0.053175
882 0.05381875
883 0.0544625
884 0.05510625
885 0.05575
886 0.05639375
887 0.0570375
888 0.05768125
889 0.058325
890 0.05896875
891 0.0596125
892 0.06025625
893 0.0609
894 0.06178125
895 0.0626625
896 0.06354375
897 0.064425
898 0.06530625
899 0.0661875
900 0.06706875
901 0.06795
902 0.06883125
903 0.0697125
904 0.07059375
905 0.071475
906 0.07235625
907 0.0732375
908 0.07411875
909 0.075
910 0.0775882352941
911 0.0801764705882
912 0.0827647058824
913 0.0853529411765
914 0.0879411764706
915 0.0905294117647
916 0.0931176470588
917 0.0957058823529
918 0.0982941176471
919 0.100882352941
920 0.103470588235
921 0.106058823529
922 0.108647058824
923 0.111235294118
924 0.113823529412
925 0.116411764706
926 0.119
927 0.123333333333
928 0.127666666667
929 0.132
930 0.136333333333
931 0.140666666667
932 0.145
933 0.149333333333
934 0.153666666667
935 0.158
936 0.165
937 0.172
938 0.179
939 0.186
940 0.193
941 0.2
942 0.207
943 0.214
944 0.226
945 0.238
946 0.25
947 0.262
948 0.274
949 0.286
950 0.298
951 0.31
952 0.322
953 0.3369
954 0.3518
955 0.3667
956 0.3816
957 0.3965
958 0.4114
959 0.4263
960 0.4412
961 0.4561
962 0.471
963 0.474909090909
964 0.478818181818
965 0.482727272727
966 0.486636363636
967 0.490545454545
968 0.494454545455
969 0.498363636364
970 0.502272727273
971 0.506181818182
972 0.510090909091
973 0.514
974 0.512285714286
975 0.510571428571
976 0.508857142857
977 0.507142857143
978 0.505428571429
979 0.503714285714
980 0.502
981 0.4987
982 0.4954
983 0.4921
984 0.4888
985 0.4855
986 0.4822
987 0.4789
988 0.4756
989 0.4723
990 0.469
991 0.4637
992 0.4584
993 0.4531
994 0.4478
995 0.4425
996 0.4372
997 0.4319
998 0.4266
999 0.4213
1000 0.416
1001 0.4095
1002 0.403
1003 0.3965
1004 0.39
1005 0.3835
1006 0.377
1007 0.3705
1008 0.364
1009 0.3575
1010 0.351
1011 0.3444
1012 0.3378
1013 0.3312
1014 0.3246
1015 0.318
1016 0.3114
1017 0.3048
1018 0.2982
1019 0.2916
1020 0.285
1021 0.280090909091
1022 0.275181818182
1023 0.270272727273
1024 0.265363636364
1025 0.260454545455
1026 0.255545454545
1027 0.250636363636
1028 0.245727272727
1029 0.240818181818
1030 0.235909090909
1031 0.231
1032 0.227272727273
1033 0.223545454545
1034 0.219818181818
1035 0.216090909091
1036 0.212363636364
1037 0.208636363636
1038 0.204909090909
1039 0.201181818182
1040 0.197454545455
1041 0.193727272727
1042 0.19
1043 0.187636363636
1044 0.185272727273
1045 0.182909090909
1046 0.180545454545
1047 0.178181818182
1048 0.175818181818
1049 0.173454545455
1050 0.171090909091
1051 0.168727272727
1052 0.166363636364
1053 0.164
1054 0.163058823529
1055 0.162117647059
1056 0.161176470588
1057 0.160235294118
1058 0.159294117647
1059 0.158352941176
1060 0.157411764706
1061 0.156470588235
1062 0.155529411765
1063 0.154588235294
1064 0.153647058824
1065 0.152705882353
1066 0.151764705882
1067 0.150823529412
1068 0.149882352941
1069 0.148941176471
1070 0.148
1071 0.149058823529
1072 0.150117647059
1073 0.151176470588
1074 0.152235294118
1075 0.153294117647
1076 0.154352941176
1077 0.155411764706
1078 0.156470588235
1079 0.157529411765
1080 0.158588235294
1081 0.159647058824
1082 0.160705882353
1083 0.161764705882
1084 0.162823529412
1085 0.163882352941
1086 0.164941176471
1087 0.166
1088 0.168166666667
1089 0.170333333333
1090 0.1725
1091 0.174666666667
1092 0.176833333333
1093 0.179
1094 0.181166666667
1095 0.183333333333
1096 0.1855
1097 0.187666666667
1098 0.189833333333
1099 0.192
1100 0.195333333333
1101 0.198666666667
1102 0.202
1103 0.205333333333
1104 0.208666666667
1105 0.212
1106 0.215333333333
1107 0.218666666667
1108 0.222
1109 0.225333333333
1110 0.228666666667
1111 0.232
1112 0.239
1113 0.246
1114 0.253
1115 0.26
1116 0.267
1117 0.274
1118 0.281
1119 0.288
1120 0.295
1121 0.302
1122 0.309
1123 0.316
1124 0.323
1125 0.34175
1126 0.3605
1127 0.37925
1128 0.398
1129 0.41675
1130 0.4355
1131 0.45425
1132 0.473
1133 0.49175
1134 0.5105
1135 0.52925
1136 0.548
1137 0.580461538462
1138 0.612923076923
1139 0.645384615385
1140 0.677846153846
1141 0.710307692308
1142 0.742769230769
1143 0.775230769231
1144 0.807692307692
1145 0.840153846154
1146 0.872615384615
1147 0.905076923077
1148 0.937538461538
1149 0.97
1150 0.985
1151 1.0
1152 1.015
1153 1.03
1154 1.045
1155 1.06
1156 1.075
1157 1.09
1158 1.105
1159 1.12
1160 1.135
1161 1.15
1162 1.165
1163 1.18
1164 1.18384615385
1165 1.18769230769
1166 1.19153846154
1167 1.19538461538
1168 1.19923076923
1169 1.20307692308
1170 1.20692307692
1171 1.21076923077
1172 1.21461538462
1173 1.21846153846
1174 1.22230769231
1175 1.22615384615
1176 1.23
1177 1.23142857143
1178 1.23285714286
1179 1.23428571429
1180 1.23571428571
1181 1.23714285714
1182 1.23857142857
1183 1.24
1184 1.24142857143
1185 1.24285714286
1186 1.24428571429
1187 1.24571428571
1188 1.24714285714
1189 1.24857142857
1190 1.25
1191 1.25
1192 1.25
1193 1.25
1194 1.25
1195 1.25
1196 1.25
1197 1.25
1198 1.25
1199 1.25
1200 1.25
1201 1.25
1202 1.25
1203 1.25
1204 1.25
1205 1.25
1206 1.248
1207 1.246
1208 1.244
1209 1.242
1210 1.24
1211 1.238
1212 1.236
1213 1.234
1214 1.232
1215 1.23
1216 1.228
1217 1.226
1218 1.224
1219 1.222
1220 1.22
1221 1.21666666667
1222 1.21333333333
1223 1.21
1224 1.20666666667
1225 1.20333333333
1226 1.2
1227 1.19666666667
1228 1.19333333333
1229 1.19
1230 1.18666666667
1231 1.18333333333
1232 1.18
1233 1.17666666667
1234 1.17333333333
1235 1.17
1236 1.166
1237 1.162
1238 1.158
1239 1.154
1240 1.15
1241 1.146
1242 1.142
1243 1.138
1244 1.134
1245 1.13
1246 1.126
1247 1.122
1248 1.118
1249 1.114
1250 1.11
1251 1.1075
1252 1.105
1253 1.1025
1254 1.1
1255 1.0975
1256 1.095
1257 1.0925
1258 1.09
1259 1.0875
1260 1.085
1261 1.0825
1262 1.08
1263 1.0775
1264 1.075
1265 1.0725
1266 1.07
1267 1.07375
1268 1.0775
1269 1.08125
1270 1.085
1271 1.08875
1272 1.0925
1273 1.09625
1274 1.1
1275 1.10375
1276 1.1075
1277 1.11125
1278 1.115
1279 1.11875
1280 1.1225
1281 1.12625
1282 1.13
1283 1.14235294118
1284 1.15470588235
1285 1.16705882353
1286 1.17941176471
1287 1.19176470588
1288 1.20411764706
1289 1.21647058824
1290 1.22882352941
1291 1.24117647059
1292 1.25352941176
1293 1.26588235294
1294 1.27823529412
1295 1.29058823529
1296 1.30294117647
1297 1.31529411765
1298 1.32764705882
1299 1.34
1300 1.35941176471
1301 1.37882352941
1302 1.39823529412
1303 1.41764705882
1304 1.43705882353
1305 1.45647058824
1306 1.47588235294
1307 1.49529411765
1308 1.51470588235
1309 1.53411764706
1310 1.55352941176
1311 1.57294117647
1312 1.59235294118
1313 1.61176470588
1314 1.63117647059
1315 1.65058823529
1316 1.67
1317 1.70411764706
1318 1.73823529412
1319 1.77235294118
1320 1.80647058824
1321 1.84058823529
1322 1.87470588235
1323 1.90882352941
1324 1.94294117647
1325 1.97705882353
1326 2.01117647059
1327 2.04529411765
1328 2.07941176471
1329 2.11352941176
1330 2.14764705882
1331 2.18176470588
1332 2.21588235294
1333 2.25
1334 2.34
1335 2.43
1336 2.52
1337 2.61
1338 2.7
1339 2.79
1340 2.88
1341 2.97
1342 3.06
1343 3.15
1344 3.24
1345 3.33
1346 3.42
1347 3.51
1348 3.6
1349 3.69
1350 3.78
1351 3.87
1352 3.95315789474
1353 4.03631578947
1354 4.11947368421
1355 4.20263157895
1356 4.28578947368
1357 4.36894736842
1358 4.45210526316
1359 4.53526315789
1360 4.61842105263
1361 4.70157894737
1362 4.78473684211
1363 4.86789473684
1364 4.95105263158
1365 5.03421052632
1366 5.11736842105
1367 5.20052631579
1368 5.28368421053
1369 5.36684210526
1370 5.45
1371 5.64368421053
1372 5.83736842105
1373 6.03105263158
1374 6.22473684211
1375 6.41842105263
1376 6.61210526316
1377 6.80578947368
1378 6.99947368421
1379 7.19315789474
1380 7.38684210526
1381 7.58052631579
1382 7.77421052632
1383 7.96789473684
1384 8.16157894737
1385 8.35526315789
1386 8.54894736842
1387 8.74263157895
1388 8.93631578947
1389 9.13
1390 9.78105263158
1391 10.4321052632
1392 11.0831578947
1393 11.7342105263
1394 12.3852631579
1395 13.0363157895
1396 13.6873684211
1397 14.3384210526
1398 14.9894736842
1399 15.6405263158
1400 16.2915789474
1401 16.9426315789
1402 17.5936842105
1403 18.2447368421
1404 18.8957894737
1405 19.5468421053
1406 20.1978947368
1407 20.8489473684
1408 21.5
1409 21.9523809524
1410 22.4047619048
1411 22.8571428571
1412 23.3095238095
1413 23.7619047619
1414 24.2142857143
1415 24.6666666667
1416 25.119047619
1417 25.5714285714
1418 26.0238095238
1419 26.4761904762
1420 26.9285714286
1421 27.380952381
1422 27.8333333333
1423 28.2857142857
1424 28.7380952381
1425 29.1904761905
1426 29.6428571429
1427 30.0952380952
1428 30.5476190476
1429 31.0
1430 31.05
1431 31.1
1432 31.15
1433 31.2
1434 31.25
1435 31.3
1436 31.35
1437 31.4
1438 31.45
1439 31.5
1440 31.55
1441 31.6
1442 31.65
1443 31.7
1444 31.5857142857
1445 31.4714285714
1446 31.3571428571
1447 31.2428571429
1448 31.1285714286
1449 31.0142857143
1450 30.9
1451 30.7857142857
1452 30.6714285714
1453 30.5571428571
1454 30.4428571429
1455 30.3285714286
1456 30.2142857143
1457 30.1
1458 29.9857142857
1459 29.8714285714
1460 29.7571428571
1461 29.6428571429
1462 29.5285714286
1463 29.4142857143
1464 29.3
1465 29.1857142857
1466 29.0714285714
1467 28.9571428571
1468 28.8428571429
1469 28.7285714286
1470 28.6142857143
1471 28.5
1472 28.1909090909
1473 27.8818181818
1474 27.5727272727
1475 27.2636363636
1476 26.9545454545
1477 26.6454545455
1478 26.3363636364
1479 26.0272727273
1480 25.7181818182
1481 25.4090909091
1482 25.1
1483 24.7909090909
1484 24.4818181818
1485 24.1727272727
1486 23.8636363636
1487 23.5545454545
1488 23.2454545455
1489 22.9363636364
1490 22.6272727273
1491 22.3181818182
1492 22.0090909091
1493 21.7
1494 21.4227272727
1495 21.1454545455
1496 20.8681818182
1497 20.5909090909
1498 20.3136363636
1499 20.0363636364
1500 19.7590909091
1501 19.4818181818
1502 19.2045454545
1503 18.9272727273
1504 18.65
1505 18.3727272727
1506 18.0954545455
1507 17.8181818182
1508 17.5409090909
1509 17.2636363636
1510 16.9863636364
1511 16.7090909091
1512 16.4318181818
1513 16.1545454545
1514 15.8772727273
1515 15.6
1516 15.447826087
1517 15.2956521739
1518 15.1434782609
1519 14.9913043478
1520 14.8391304348
1521 14.6869565217
1522 14.5347826087
1523 14.3826086957
1524 14.2304347826
1525 14.0782608696
1526 13.9260869565
1527 13.7739130435
1528 13.6217391304
1529 13.4695652174
1530 13.3173913043
1531 13.1652173913
1532 13.0130434783
1533 12.8608695652
1534 12.7086956522
1535 12.5565217391
1536 12.4043478261
1537 12.252173913
1538 12.1
1539 12.0032
1540 11.9064
1541 11.8096
1542 11.7128
1543 11.616
1544 11.5192
1545 11.4224
1546 11.3256
1547 11.2288
1548 11.132
1549 11.0352
1550 10.9384
1551 10.8416
1552 10.7448
1553 10.648
1554 10.5512
1555 10.4544
1556 10.3576
1557 10.2608
1558 10.164
1559 10.0672
1560 9.9704
1561 9.8736
1562 9.7768
1563 9.68
1564 9.61291666667
1565 9.54583333333
1566 9.47875
1567 9.41166666667
1568 9.34458333333
1569 9.2775
1570 9.21041666667
1571 9.14333333333
1572 9.07625
1573 9.00916666667
1574 8.94208333333
1575 8.875
1576 8.80791666667
1577 8.74083333333
1578 8.67375
1579 8.60666666667
1580 8.53958333333
1581 8.4725
1582 8.40541666667
1583 8.33833333333
1584 8.27125
1585 8.20416666667
1586 8.13708333333
1587 8.07
1588 8.02115384615
1589 7.97230769231
1590 7.92346153846
1591 7.87461538462
1592 7.82576923077
1593 7.77692307692
1594 7.72807692308
1595 7.67923076923
1596 7.63038461538
1597 7.58153846154
1598 7.53269230769
1599 7.48384615385
1600 7.435
1601 7.38615384615
1602 7.33730769231
1603 7.28846153846
1604 7.23961538462
1605 7.19076923077
1606 7.14192307692
1607 7.09307692308
1608 7.04423076923
1609 6.99538461538
1610 6.94653846154
1611 6.89769230769
1612 6.84884615385
1613 6.8
1614 6.77192307692
1615 6.74384615385
1616 6.71576923077
1617 6.68769230769
1618 6.65961538462
1619 6.63153846154
1620 6.60346153846
1621 6.57538461538
1622 6.54730769231
1623 6.51923076923
1624 6.49115384615
1625 6.46307692308
1626 6.435
1627 6.40692307692
1628 6.37884615385
1629 6.35076923077
1630 6.32269230769
1631 6.29461538462
1632 6.26653846154
1633 6.23846153846
1634 6.21038461538
1635 6.18230769231
1636 6.15423076923
1637 6.12615384615
1638 6.09807692308
1639 6.07
1640 6.055
1641 6.04
1642 6.025
1643 6.01
1644 5.995
1645 5.98
1646 5.965
1647 5.95
1648 5.935
1649 5.92
1650 5.905
1651 5.89
1652 5.875
1653 5.86
1654 5.845
1655 5.83
1656 5.815
1657 5.8
1658 5.785
1659 5.77
1660 5.755
1661 5.74
1662 5.725
1663 5.71
1664 5.695
1665 5.68
1666 5.665
1667 5.65
1668 5.65
1669 5.65
1670 5.65
1671 5.65
1672 5.65
1673 5.65
1674 5.65
1675 5.65
1676 5.65
1677 5.65
1678 5.65
1679 5.65
1680 5.65
1681 5.65
1682 5.65
1683 5.65
1684 5.65
1685 5.65
1686 5.65
1687 5.65
1688 5.65
1689 5.65
1690 5.65
1691 5.65
1692 5.65
1693 5.65
1694 5.65
1695 5.65
1696 5.67
1697 5.69
1698 5.71
1699 5.73
1700 5.75
1701 5.77
1702 5.79
1703 5.81
1704 5.83
1705 5.85
1706 5.87
1707 5.89
1708 5.91
1709 5.93
1710 5.95
1711 5.97
1712 5.99
1713 6.01
1714 6.03
1715 6.05
1716 6.07
1717 6.09
1718 6.11
1719 6.13
1720 6.15
1721 6.17
1722 6.19
1723 6.21
1724 6.23
1725 6.27566666667
1726 6.32133333333
1727 6.367
1728 6.41266666667
1729 6.45833333333
1730 6.504
1731 6.54966666667
1732 6.59533333333
1733 6.641
1734 6.68666666667
1735 6.73233333333
1736 6.778
1737 6.82366666667
1738 6.86933333333
1739 6.915
1740 6.96066666667
1741 7.00633333333
1742 7.052
1743 7.09766666667
1744 7.14333333333
1745 7.189
1746 7.23466666667
1747 7.28033333333
1748 7.326
1749 7.37166666667
1750 7.41733333333
1751 7.463
1752 7.50866666667
1753 7.55433333333
1754 7.6
1755 7.649375
1756 7.69875
1757 7.748125
1758 7.7975
1759 7.846875
1760 7.89625
1761 7.945625
1762 7.995
1763 8.044375
1764 8.09375
1765 8.143125
1766 8.1925
1767 8.241875
1768 8.29125
1769 8.340625
1770 8.39
1771 8.439375
1772 8.48875
1773 8.538125
1774 8.5875
1775 8.636875
1776 8.68625
1777 8.735625
1778 8.785
1779 8.834375
1780 8.88375
1781 8.933125
1782 8.9825
1783 9.031875
1784 9.08125
1785 9.130625
1786 9.18
1787 9.19875
1788 9.2175
1789 9.23625
1790 9.255
1791 9.27375
1792 9.2925
1793 9.31125
1794 9.33
1795 9.34875
1796 9.3675
1797 9.38625
1798 9.405
1799 9.42375
1800 9.4425
1801 9.46125
1802 9.48
1803 9.4775
1804 9.475
1805 9.4725
1806 9.47
1807 9.4675
1808 9.465
1809 9.4625
1810 9.46
1811 9.4575
1812 9.455
1813 9.4525
1814 9.45
1815 9.4475
1816 9.445
1817 9.4425
1818 9.44
1819 9.48
1820 9.52
1821 9.56
1822 9.6
1823 9.64
1824 9.68
1825 9.72
1826 9.76
1827 9.8
1828 9.84
1829 9.88
1830 9.92
1831 9.96
1832 10.0
1833 10.04
1834 10.08
1835 10.12
1836 10.16
1837 10.2
1838 10.24
1839 10.28
1840 10.32
1841 10.36
1842 10.4
1843 10.44
1844 10.48
1845 10.52
1846 10.56
1847 10.6
1848 10.64
1849 10.68
1850 10.72
1851 10.76
1852 10.8
1853 12.1342857143
1854 13.4685714286
1855 14.8028571429
1856 16.1371428571
1857 17.4714285714
1858 18.8057142857
1859 20.14
1860 21.4742857143
1861 22.8085714286
1862 24.1428571429
1863 25.4771428571
1864 26.8114285714
1865 28.1457142857
1866 29.48
1867 30.8142857143
1868 32.1485714286
1869 33.4828571429
1870 34.8171428571
1871 36.1514285714
1872 37.4857142857
1873 38.82
1874 40.1542857143
1875 41.4885714286
1876 42.8228571429
1877 44.1571428571
1878 45.4914285714
1879 46.8257142857
1880 48.16
1881 49.4942857143
1882 50.8285714286
1883 52.1628571429
1884 53.4971428571
1885 54.8314285714
1886 56.1657142857
1887 57.5
1888 59.1625
1889 60.825
1890 62.4875
1891 64.15
1892 65.8125
1893 67.475
1894 69.1375
1895 70.8
1896 72.4625
1897 74.125
1898 75.7875
1899 77.45
1900 79.1125
1901 80.775
1902 82.4375
1903 84.1
1904 85.7625
1905 87.425
1906 89.0875
1907 90.75
1908 92.4125
1909 94.075
1910 95.7375
1911 97.4
1912 99.0625
1913 100.725
1914 102.3875
1915 104.05
1916 105.7125
1917 107.375
1918 109.0375
1919 110.7
1920 112.3625
1921 114.025
1922 115.6875
1923 117.35
1924 119.0125
1925 120.675
1926 122.3375
1927 124.0
1928 123.558823529
1929 123.117647059
1930 122.676470588
1931 122.235294118
1932 121.794117647
1933 121.352941176
1934 120.911764706
1935 120.470588235
1936 120.029411765
1937 119.588235294
1938 119.147058824
1939 118.705882353
1940 118.264705882
1941 117.823529412
1942 117.382352941
1943 116.941176471
1944 116.5
1945 116.058823529
1946 115.617647059
1947 115.176470588
1948 114.735294118
1949 114.294117647
1950 113.852941176
1951 113.411764706
1952 112.970588235
1953 112.529411765
1954 112.088235294
1955 111.647058824
1956 111.205882353
1957 110.764705882
1958 110.323529412
1959 109.882352941
1960 109.441176471
1961 109.0
1962 107.979487179
1963 106.958974359
1964 105.938461538
1965 104.917948718
1966 103.897435897
1967 102.876923077
1968 101.856410256
1969 100.835897436
1970 99.8153846154
1971 98.7948717949
1972 97.7743589744
1973 96.7538461538
1974 95.7333333333
1975 94.7128205128
1976 93.6923076923
1977 92.6717948718
1978 91.6512820513
1979 90.6307692308
1980 89.6102564103
1981 88.5897435897
1982 87.5692307692
1983 86.5487179487
1984 85.5282051282
1985 84.5076923077
1986 83.4871794872
1987 82.4666666667
1988 81.4461538462
1989 80.4256410256
1990 79.4051282051
1991 78.3846153846
1992 77.3641025641
1993 76.3435897436
1994 75.3230769231
1995 74.3025641026
1996 73.2820512821
1997 72.2615384615
1998 71.241025641
1999 70.2205128205
2000 69.2
2001 68.6097560976
2002 68.0195121951
2003 67.4292682927
2004 66.8390243902
2005 66.2487804878
2006 65.6585365854
2007 65.0682926829
2008 64.4780487805
2009 63.887804878
2010 63.2975609756
2011 62.7073170732
2012 62.1170731707
2013 61.5268292683
2014 60.9365853659
2015 60.3463414634
2016 59.756097561
2017 59.1658536585
2018 58.5756097561
2019 57.9853658537
2020 57.3951219512
2021 56.8048780488
2022 56.2146341463
2023 55.6243902439
2024 55.0341463415
2025 54.443902439
2026 53.8536585366
2027 53.2634146341
2028 52.6731707317
2029 52.0829268293
2030 51.4926829268
2031 50.9024390244
2032 50.312195122
2033 49.7219512195
2034 49.1317073171
2035 48.5414634146
2036 47.9512195122
2037 47.3609756098
2038 46.7707317073
2039 46.1804878049
2040 45.5902439024
2041 45.0
2042 44.6666666667
2043 44.3333333333
2044 44.0
2045 43.6666666667
2046 43.3333333333
2047 43.0
2048 42.6666666667
2049 42.3333333333
2050 42.0
2051 41.6666666667
2052 41.3333333333
2053 41.0
2054 40.6666666667
2055 40.3333333333
2056 40.0
2057 39.6666666667
2058 39.3333333333
2059 39.0
2060 38.6666666667
2061 38.3333333333
2062 38.0
2063 37.6666666667
2064 37.3333333333
2065 37.0
2066 36.6666666667
2067 36.3333333333
2068 36.0
2069 35.6666666667
2070 35.3333333333
2071 35.0
2072 34.6666666667
2073 34.3333333333
2074 34.0
2075 33.6666666667
2076 33.3333333333
2077 33.0
2078 32.6666666667
2079 32.3333333333
2080 32.0
2081 31.6666666667
2082 31.3333333333
2083 31.0
2084 30.8355555556
2085 30.6711111111
2086 30.5066666667
2087 30.3422222222
2088 30.1777777778
2089 30.0133333333
2090 29.8488888889
2091 29.6844444444
2092 29.52
2093 29.3555555556
2094 29.1911111111
2095 29.0266666667
2096 28.8622222222
2097 28.6977777778
2098 28.5333333333
2099 28.3688888889
2100 28.2044444444
2101 28.04
2102 27.8755555556
2103 27.7111111111
2104 27.5466666667
2105 27.3822222222
2106 27.2177777778
2107 27.0533333333
2108 26.8888888889
2109 26.7244444444
2110 26.56
2111 26.3955555556
2112 26.2311111111
2113 26.0666666667
2114 25.9022222222
2115 25.7377777778
2116 25.5733333333
2117 25.4088888889
2118 25.2444444444
2119 25.08
2120 24.9155555556
2121 24.7511111111
2122 24.5866666667
2123 24.4222222222
2124 24.2577777778
2125 24.0933333333
2126 23.9288888889
2127 23.7644444444
2128 23.6
2129 23.5385714286
2130 23.4771428571
2131 23.4157142857
2132 23.3542857143
2133 23.2928571429
2134 23.2314285714
2135 23.17
2136 23.1085714286
2137 23.0471428571
2138 22.9857142857
2139 22.9242857143
2140 22.8628571429
2141 22.8014285714
2142 22.74
2143 22.6785714286
2144 22.6171428571
2145 22.5557142857
2146 22.4942857143
2147 22.4328571429
2148 22.3714285714
2149 22.31
2150 22.2485714286
2151 22.1871428571
2152 22.1257142857
2153 22.0642857143
2154 22.0028571429
2155 21.9414285714
2156 21.88
2157 21.8185714286
2158 21.7571428571
2159 21.6957142857
2160 21.6342857143
2161 21.5728571429
2162 21.5114285714
2163 21.45
2164 21.3885714286
2165 21.3271428571
2166 21.2657142857
2167 21.2042857143
2168 21.1428571429
2169 21.0814285714
2170 21.02
2171 20.9585714286
2172 20.8971428571
2173 20.8357142857
2174 20.7742857143
2175 20.7128571429
2176 20.6514285714
2177 20.59
2178 20.5285714286
2179 20.4671428571
2180 20.4057142857
2181 20.3442857143
2182 20.2828571429
2183 20.2214285714
2184 20.16
2185 20.0985714286
2186 20.0371428571
2187 19.9757142857
2188 19.9142857143
2189 19.8528571429
2190 19.7914285714
2191 19.73
2192 19.6685714286
2193 19.6071428571
2194 19.5457142857
2195 19.4842857143
2196 19.4228571429
2197 19.3614285714
2198 19.3
2199 19.3493333333
2200 19.3986666667
2201 19.448
2202 19.4973333333
2203 19.5466666667
2204 19.596
2205 19.6453333333
2206 19.6946666667
2207 19.744
2208 19.7933333333
2209 19.8426666667
2210 19.892
2211 19.9413333333
2212 19.9906666667
2213 20.04
2214 20.0893333333
2215 20.1386666667
2216 20.188
2217 20.2373333333
2218 20.2866666667
2219 20.336
2220 20.3853333333
2221 20.4346666667
2222 20.484
2223 20.5333333333
2224 20.5826666667
2225 20.632
2226 20.6813333333
2227 20.7306666667
2228 20.78
2229 20.8293333333
2230 20.8786666667
2231 20.928
2232 20.9773333333
2233 21.0266666667
2234 21.076
2235 21.1253333333
2236 21.1746666667
2237 21.224
2238 21.2733333333
2239 21.3226666667
2240 21.372
2241 21.4213333333
2242 21.4706666667
2243 21.52
2244 21.5693333333
2245 21.6186666667
2246 21.668
2247 21.7173333333
2248 21.7666666667
2249 21.816
2250 21.8653333333
2251 21.9146666667
2252 21.964
2253 22.0133333333
2254 22.0626666667
2255 22.112
2256 22.1613333333
2257 22.2106666667
2258 22.26
2259 22.3093333333
2260 22.3586666667
2261 22.408
2262 22.4573333333
2263 22.5066666667
2264 22.556
2265 22.6053333333
2266 22.6546666667
2267 22.704
2268 22.7533333333
2269 22.8026666667
2270 22.852
2271 22.9013333333
2272 22.9506666667
2273 23.0
2274 23.1188679245
2275 23.2377358491
2276 23.3566037736
2277 23.4754716981
2278 23.5943396226
2279 23.7132075472
2280 23.8320754717
2281 23.9509433962
2282 24.0698113208
2283 24.1886792453
2284 24.3075471698
2285 24.4264150943
2286 24.5452830189
2287 24.6641509434
2288 24.7830188679
2289 24.9018867925
2290 25.020754717
2291 25.1396226415
2292 25.258490566
2293 25.3773584906
2294 25.4962264151
2295 25.6150943396
2296 25.7339622642
2297 25.8528301887
2298 25.9716981132
2299 26.0905660377
2300 26.2094339623
2301 26.3283018868
2302 26.4471698113
2303 26.5660377358
2304 26.6849056604
2305 26.8037735849
2306 26.9226415094
2307 27.041509434
2308 27.1603773585
2309 27.279245283
2310 27.3981132075
2311 27.5169811321
2312 27.6358490566
2313 27.7547169811
2314 27.8735849057
2315 27.9924528302
2316 28.1113207547
2317 28.2301886792
2318 28.3490566038
2319 28.4679245283
2320 28.5867924528
2321 28.7056603774
2322 28.8245283019
2323 28.9433962264
2324 29.0622641509
2325 29.1811320755
2326 29.3
2327 29.5272727273
2328 29.7545454545
2329 29.9818181818
2330 30.2090909091
2331 30.4363636364
2332 30.6636363636
2333 30.8909090909
2334 31.1181818182
2335 31.3454545455
2336 31.5727272727
2337 31.8
2338 32.0272727273
2339 32.2545454545
2340 32.4818181818
2341 32.7090909091
2342 32.9363636364
2343 33.1636363636
2344 33.3909090909
2345 33.6181818182
2346 33.8454545455
2347 34.0727272727
2348 34.3
2349 34.5272727273
2350 34.7545454545
2351 34.9818181818
2352 35.2090909091
2353 35.4363636364
2354 35.6636363636
2355 35.8909090909
2356 36.1181818182
2357 36.3454545455
2358 36.5727272727
2359 36.8
2360 37.0272727273
2361 37.2545454545
2362 37.4818181818
2363 37.7090909091
2364 37.9363636364
2365 38.1636363636
2366 38.3909090909
2367 38.6181818182
2368 38.8454545455
2369 39.0727272727
2370 39.3
2371 39.5272727273
2372 39.7545454545
2373 39.9818181818
2374 40.2090909091
2375 40.4363636364
2376 40.6636363636
2377 40.8909090909
2378 41.1181818182
2379 41.3454545455
2380 41.5727272727
2381 41.8
2382 42.174137931
2383 42.5482758621
2384 42.9224137931
2385 43.2965517241
2386 43.6706896552
2387 44.0448275862
2388 44.4189655172
2389 44.7931034483
2390 45.1672413793
2391 45.5413793103
2392 45.9155172414
2393 46.2896551724
2394 46.6637931034
2395 47.0379310345
2396 47.4120689655
2397 47.7862068966
2398 48.1603448276
2399 48.5344827586
2400 48.9086206897
2401 49.2827586207
2402 49.6568965517
2403 50.0310344828
2404 50.4051724138
2405 50.7793103448
2406 51.1534482759
2407 51.5275862069
2408 51.9017241379
2409 52.275862069
2410 52.65
2411 53.024137931
2412 53.3982758621
2413 53.7724137931
2414 54.1465517241
2415 54.5206896552
2416 54.8948275862
2417 55.2689655172
2418 55.6431034483
2419 56.0172413793
2420 56.3913793103
2421 56.7655172414
2422 57.1396551724
2423 57.5137931034
2424 57.8879310345
2425 58.2620689655
2426 58.6362068966
2427 59.0103448276
2428 59.3844827586
2429 59.7586206897
2430 60.1327586207
2431 60.5068965517
2432 60.8810344828
2433 61.2551724138
2434 61.6293103448
2435 62.0034482759
2436 62.3775862069
2437 62.7517241379
2438 63.125862069
2439 63.5
2440 64.0278688525
2441 64.5557377049
2442 65.0836065574
2443 65.6114754098
2444 66.1393442623
2445 66.6672131148
2446 67.1950819672
2447 67.7229508197
2448 68.2508196721
2449 68.7786885246
2450 69.306557377
2451 69.8344262295
2452 70.362295082
2453 70.8901639344
2454 71.4180327869
2455 71.9459016393
2456 72.4737704918
2457 73.0016393443
2458 73.5295081967
2459 74.0573770492
2460 74.5852459016
2461 75.1131147541
2462 75.6409836066
2463 76.168852459
2464 76.6967213115
2465 77.2245901639
2466 77.7524590164
2467 78.2803278689
2468 78.8081967213
2469 79.3360655738
2470 79.8639344262
2471 80.3918032787
2472 80.9196721311
2473 81.4475409836
2474 81.9754098361
2475 82.5032786885
2476 83.031147541
2477 83.5590163934
2478 84.0868852459
2479 84.6147540984
2480 85.1426229508
2481 85.6704918033
2482 86.1983606557
2483 86.7262295082
2484 87.2540983607
2485 87.7819672131
2486 88.3098360656
2487 88.837704918
2488 89.3655737705
2489 89.893442623
2490 90.4213114754
2491 90.9491803279
2492 91.4770491803
2493 92.0049180328
2494 92.5327868852
2495 93.0606557377
2496 93.5885245902
2497 94.1163934426
2498 94.6442622951
2499 95.1721311475
2500 95.7